5.0
60.0
78.0
83.0
49.0
36.0
9.0
28.0
216.0
118.0
48.0
100.0
111.0
237.0
137.0
14.0
0.0
106.0
318.0
0.0
0.0
74.0
510.0
116.0
8.0
19.0
394.0
93.0
140.0
107.0
0.0
0.0
70.0
47.0
69.0
283.0
120.0
62.0
157.0
50.0
380.0
163.0
76.0
70.0
92.0
55.0
61.0
29.0
243.0
259.0
425.0
101.0
40.0
18.0
51.0
0.0
37.0
111.0
24.0
15.0
95.0
54.0
0.0
0.0
109.0
33.0
91.0
111.0
164.0
141.0
34.0
23.0
96.0
455.0
11.0
127.0
0.0
84.0
152.0
79.0
10.0
396.0
20.0
84.0
398.0
0.0
120.0
0.0
116.0
371.0
33.0
270.0
78.0
290.0
2.0
5.0
104.0
612.0
0.0
9.0
0.0
